# drawdown, time-derivative, theis-derivative
2.000000000000000000e+00 6.479480000000000786e-04 2.000000000000000000e+00 0.000000000000000000e+00 1.000000000000000000e+00 2.220449999999999999e-18
3.000000000000000000e+00 6.479480000000000786e-04 3.000000000000000000e+00 2.710939999999999899e-04 1.010720000000000063e+00 2.220449999999999999e-18
4.000000000000000000e+00 1.295900000000000220e-03 4.000000000000000000e+00 2.025690000000000129e-03 1.032499999999999973e+00 2.220449999999999999e-18
5.000000000000000000e+00 1.295900000000000220e-03 5.000000000000000000e+00 2.448519999999999928e-04 1.077479999999999993e+00 2.220449999999999999e-18
8.000000000000000000e+00 1.943840000000000064e-03 8.000000000000000000e+00 1.320280000000000065e-03 1.173399999999999999e+00 2.220449999999999999e-18
1.000000000000000000e+01 1.943840000000000064e-03 1.000000000000000000e+01 1.625029999999999964e-03 1.347239999999999993e+00 2.220449999999999999e-18
1.300000000000000000e+01 2.591790000000000066e-03 1.300000000000000000e+01 1.655099999999999844e-03 1.546839999999999993e+00 2.220449999999999999e-18
1.700000000000000000e+01 3.239740000000000068e-03 1.700000000000000000e+01 1.968319999999999965e-03 1.776009999999999867e+00 2.220449999999999999e-18
2.100000000000000000e+01 3.239740000000000068e-03 2.100000000000000000e+01 2.124029999999999842e-03 2.039130000000000109e+00 2.220449999999999999e-18
2.600000000000000000e+01 3.887690000000000069e-03 2.600000000000000000e+01 2.188760000000000098e-03 2.341229999999999922e+00 6.496360000000000460e-17
3.300000000000000000e+01 4.535639999999999637e-03 3.300000000000000000e+01 2.787850000000000137e-03 2.688090000000000312e+00 3.005689999999999740e-15
4.200000000000000000e+01 5.183590000000000073e-03 4.200000000000000000e+01 2.862319999999999795e-03 3.086340000000000305e+00 8.500269999999999736e-14
5.200000000000000000e+01 5.831529999999999700e-03 5.200000000000000000e+01 2.929979999999999998e-03 3.543600000000000083e+00 1.587229999999999892e-12
6.800000000000000000e+01 6.479480000000000135e-03 6.800000000000000000e+01 3.300130000000000077e-03 4.068590000000000373e+00 2.064829999999999876e-11
8.500000000000000000e+01 7.127429999999999703e-03 8.500000000000000000e+01 3.345120000000000038e-03 4.671369999999999578e+00 1.960379999999999852e-10
1.040000000000000000e+02 8.423329999999999707e-03 1.040000000000000000e+02 3.628750000000000031e-03 5.363450000000000273e+00 1.414400000000000203e-09
1.280000000000000000e+02 9.071269999999999334e-03 1.280000000000000000e+02 3.967949999999999602e-03 6.158069999999999489e+00 8.032899999999999423e-09
1.560000000000000000e+02 9.719220000000000637e-03 1.560000000000000000e+02 4.256789999999999879e-03 7.070410000000000750e+00 3.702950000000000081e-08
1.900000000000000000e+02 1.036720000000000176e-02 1.900000000000000000e+02 4.857170000000000064e-03 8.117910000000000181e+00 1.422930000000000156e-07
2.320000000000000000e+02 1.101510000000000163e-02 2.320000000000000000e+02 5.137850000000000229e-03 9.320610000000000284e+00 4.665120000000000153e-07
3.340000000000000000e+02 1.295900000000000003e-02 3.340000000000000000e+02 5.853719999999999757e-03 1.070149999999999935e+01 1.331549999999999982e-06
4.070000000000000000e+02 1.425490000000000090e-02 4.070000000000000000e+02 6.092730000000000194e-03 1.228700000000000081e+01 3.367490000000000093e-06
4.970000000000000000e+02 1.555079999999999830e-02 4.970000000000000000e+02 6.356600000000000444e-03 1.410730000000000040e+01 7.662150000000000831e-06
6.110000000000000000e+02 1.749459999999999904e-02 6.110000000000000000e+02 6.749840000000000007e-03 1.619739999999999824e+01 1.589540000000000031e-05
7.480000000000000000e+02 1.879050000000000165e-02 7.480000000000000000e+02 7.297969999999999978e-03 1.859710000000000107e+01 3.041579999999999769e-05
9.280000000000000000e+02 2.073430000000000065e-02 9.280000000000000000e+02 7.494119999999999948e-03 2.135229999999999961e+01 5.422640000000000652e-05
1.138000000000000000e+03 2.203020000000000325e-02 1.138000000000000000e+03 7.735009999999999629e-03 2.451569999999999894e+01 9.086859999999999935e-05
1.388000000000000000e+03 2.332609999999999892e-02 1.388000000000000000e+03 8.266549999999999246e-03 2.814780000000000015e+01 1.442190000000000095e-04
1.752000000000000000e+03 2.526999999999999733e-02 1.752000000000000000e+03 8.331339999999999579e-03 3.231800000000000495e+01 2.182350000000000002e-04
2.159000000000000000e+03 2.721379999999999633e-02 2.159000000000000000e+03 8.666959999999999595e-03 3.710600000000000165e+01 3.166870000000000123e-04
2.639000000000000000e+03 2.850969999999999893e-02 2.639000000000000000e+03 8.501279999999999948e-03 4.260340000000000060e+01 4.429190000000000058e-04
3.269000000000000000e+03 3.045360000000000081e-02 3.269000000000000000e+03 8.769350000000000409e-03 4.891530000000000200e+01 5.996660000000000011e-04
4.051000000000000000e+03 3.304540000000000255e-02 4.051000000000000000e+03 9.300529999999999561e-03 5.616219999999999857e+01 7.889249999999999995e-04
4.951000000000000000e+03 3.498919999999999808e-02 4.951000000000000000e+03 9.432750000000000162e-03 6.448290000000000077e+01 1.011879999999999941e-03
6.031000000000000000e+03 3.693300000000000055e-02 6.031000000000000000e+03 9.482080000000000369e-03 7.403629999999999711e+01 1.268830000000000088e-03
7.243000000000000000e+03 3.822889999999999622e-02 7.243000000000000000e+03 9.562219999999999748e-03 8.500499999999999545e+01 1.559180000000000071e-03
nan nan nan nan 9.759879999999999711e+01 1.881340000000000009e-03
nan nan nan nan 1.120579999999999927e+02 2.232749999999999926e-03
nan nan nan nan 1.286599999999999966e+02 2.609800000000000227e-03
nan nan nan nan 1.477220000000000084e+02 3.007989999999999883e-03
nan nan nan nan 1.696069999999999993e+02 3.422020000000000010e-03
nan nan nan nan 1.947350000000000136e+02 3.846099999999999866e-03
nan nan nan nan 2.235859999999999843e+02 4.274199999999999701e-03
nan nan nan nan 2.567110000000000127e+02 4.700369999999999722e-03
nan nan nan nan 2.947440000000000282e+02 5.119089999999999752e-03
nan nan nan nan 3.384110000000000014e+02 5.525440000000000386e-03
nan nan nan nan 3.885480000000000018e+02 5.915300000000000072e-03
nan nan nan nan 4.461130000000000564e+02 6.285409999999999955e-03
nan nan nan nan 5.122060000000000173e+02 6.633420000000000115e-03
nan nan nan nan 5.880910000000000082e+02 6.957790000000000155e-03
nan nan nan nan 6.752189999999999372e+02 7.257770000000000193e-03
nan nan nan nan 7.752549999999999955e+02 7.533240000000000075e-03
nan nan nan nan 8.901119999999999663e+02 7.784609999999999967e-03
nan nan nan nan 1.021980000000000018e+03 8.012689999999999396e-03
nan nan nan nan 1.173400000000000091e+03 8.218629999999999339e-03
nan nan nan nan 1.347240000000000009e+03 8.403739999999999821e-03
nan nan nan nan 1.546839999999999918e+03 8.569490000000000787e-03
nan nan nan nan 1.776009999999999991e+03 8.717399999999998414e-03
nan nan nan nan 2.039130000000000109e+03 8.848979999999999346e-03
nan nan nan nan 2.341230000000000018e+03 8.965729999999999880e-03
nan nan nan nan 2.688090000000000146e+03 9.069070000000000256e-03
nan nan nan nan 3.086340000000000146e+03 9.160359999999999336e-03
nan nan nan nan 3.543599999999999909e+03 9.240869999999999987e-03
nan nan nan nan 4.068590000000000146e+03 9.311740000000000642e-03
nan nan nan nan 4.671369999999999891e+03 9.374060000000000031e-03
nan nan nan nan 5.363449999999999818e+03 9.428779999999999453e-03
nan nan nan nan 6.158069999999999709e+03 9.476780000000000620e-03
nan nan nan nan 7.070409999999999854e+03 9.518850000000000575e-03
nan nan nan nan 8.117909999999999854e+03 9.555700000000000305e-03
nan nan nan nan 9.320610000000000582e+03 9.587939999999999657e-03
nan nan nan nan 1.070150000000000000e+04 9.616140000000000451e-03
nan nan nan nan 1.228700000000000000e+04 9.640789999999999776e-03
nan nan nan nan 1.410729999999999927e+04 9.662320000000000284e-03
nan nan nan nan 1.619739999999999964e+04 9.681129999999999597e-03
nan nan nan nan 1.859709999999999854e+04 9.697549999999999226e-03
nan nan nan nan 2.135229999999999927e+04 9.711880000000000859e-03
nan nan nan nan 2.451570000000000073e+04 9.724389999999999423e-03
nan nan nan nan 2.814779999999999927e+04 9.735299999999998816e-03
nan nan nan nan 3.231800000000000000e+04 9.744809999999999583e-03
nan nan nan nan 3.710600000000000000e+04 9.753110000000000598e-03
nan nan nan nan 4.260340000000000146e+04 9.760339999999999294e-03
nan nan nan nan 4.891530000000000291e+04 9.766649999999999984e-03
nan nan nan nan 5.616219999999999709e+04 9.772140000000000340e-03
nan nan nan nan 6.448290000000000146e+04 9.776929999999999649e-03
nan nan nan nan 7.403630000000000291e+04 9.781110000000000845e-03
nan nan nan nan 8.500500000000000000e+04 9.784750000000000045e-03
nan nan nan nan 9.759880000000000291e+04 9.787920000000000301e-03
nan nan nan nan 1.120580000000000000e+05 9.790679999999999522e-03
nan nan nan nan 1.286600000000000000e+05 9.793079999999999147e-03
nan nan nan nan 1.477220000000000000e+05 9.795180000000000553e-03
nan nan nan nan 1.696070000000000000e+05 9.797010000000000093e-03
nan nan nan nan 1.947350000000000000e+05 9.798600000000001059e-03
nan nan nan nan 2.235860000000000000e+05 9.799979999999999802e-03
nan nan nan nan 2.567110000000000000e+05 9.801189999999999555e-03
nan nan nan nan 2.947440000000000000e+05 9.802240000000000258e-03
nan nan nan nan 3.384110000000000000e+05 9.803159999999999999e-03
nan nan nan nan 3.885480000000000000e+05 9.803960000000000452e-03
nan nan nan nan 4.461130000000000000e+05 9.804649999999999824e-03
nan nan nan nan 5.122060000000000000e+05 9.805259999999999670e-03
nan nan nan nan 5.880910000000000000e+05 9.805789999999999992e-03
nan nan nan nan 6.752190000000000000e+05 9.806250000000000730e-03
nan nan nan nan 7.752550000000000000e+05 9.806650000000000089e-03
nan nan nan nan 8.901120000000000000e+05 9.806999999999999745e-03
nan nan nan nan 1.000000000000000000e+06 9.807249999999999995e-03
